data/ctd_bruto.cnv
* Sea-Bird SBE 9 Data File:
* FileName = C:\Meus documentos\Oceano EII\CTD\Bruto\OE033.dat
* Software Version Seasave Win32 V 5.25b
* Temperature SN = 2896
* Conductivity SN = 462
* Number of Bytes Per Scan = 21
* Number of Voltage Words = 1
* Number of Scans Averaged by the Deck Unit = 1
** H40 
** NOc. Antares 
** 184 
** OCEANO E II 
**   033
**   13 30.13 S
**   038 44.66 W
**   19/02/2005  07:49 Z
**   98
** 25491 
** TEN COSTA JUNIOR
# nquan = 6
# nvalues = 8028                    
# units = specified
# name 0 = prDM: Pressure, Digiquartz [db]
# name 1 = t068C: Temperature [ITS-68, deg C]
# name 2 = t168C: Temperature, 2 [ITS-68, deg C]
# name 3 = c0S/m: Conductivity [S/m]
# name 4 = c1S/m: Conductivity, 2 [S/m]
# name 5 = flag:  0.000e+00
# span 0 =      3.829,     98.135       
# span 1 =    18.7120,    27.6006       
# span 2 =    18.6952,    27.5855       
# span 3 =   4.798175,   5.845152       
# span 4 =   4.798669,   5.847057       
# span 5 = 0.0000e+00, 0.0000e+00       
# interval = seconds: 0.0416667                   
# start_time = Feb 19 2005 05:49:44
# bad_flag = -9.990e-29
*END*
[from data line 1433]
     23.752    25.8005    25.8456   5.691593   5.702475  0.000e+00
     23.922    25.7757    25.8162   5.689390   5.700928  0.000e+00
     23.901    25.7622    25.7875   5.688276   5.698333  0.000e+00
     23.901    25.7551    25.7646   5.687743   5.695125  0.000e+00
     24.071    25.7525    25.7503   5.687481   5.692555  0.000e+00
     24.051    25.7498    25.7429   5.687171   5.690776  0.000e+00
     24.024    25.7461    25.7372   5.686767   5.689891  0.000e+00
     24.153    25.7421    25.7337   5.686466   5.689239  0.000e+00
     24.207    25.7409    25.7361   5.686401   5.688866  0.000e+00
     24.275    25.7439    25.7482   5.686655   5.688913  0.000e+00
     24.207    25.7469    25.7605   5.687089   5.689984  0.000e+00
     24.302    25.7570    25.7640   5.688074   5.691297  0.000e+00
     24.377    25.7644    25.7567   5.688362   5.691902  0.000e+00
     24.404    25.7553    25.7436   5.687309   5.691436  0.000e+00
     24.377    25.7389    25.7285   5.685614   5.690031  0.000e+00
     24.506    25.7240    25.7130   5.684178   5.688401  0.000e+00
     24.506    25.7123    25.7025   5.682862   5.686763  0.000e+00
     24.526    25.7021    25.6940   5.681960   5.685506  0.000e+00
     24.608    25.6944    25.6839   5.681130   5.684567  0.000e+00
     24.655    25.6878    25.6749   5.680502   5.683635  0.000e+00
     24.723    25.6830    25.6677   5.679918   5.682611  0.000e+00
     24.655    25.6787    25.6617   5.679226   5.681820  0.000e+00
     24.757    25.6711    25.6543   5.678345   5.681121  0.000e+00
     24.873    25.6620    25.6471   5.677442   5.680237  0.000e+00
     24.805    25.6549    25.6389   5.676673   5.679252  0.000e+00
     24.825    25.6492    25.6316   5.675891   5.678321  0.000e+00
     24.954    25.6450    25.6269   5.675302   5.677530  0.000e+00
     24.954    25.6423    25.6247   5.675302   5.676971  0.000e+00
     24.927    25.6412    25.6232   5.675504   5.676731  0.000e+00
     25.008    25.6395    25.6219   5.675522   5.676692  0.000e+00
     25.103    25.6381    25.6203   5.675517   5.676878  0.000e+00
     25.076    25.6371    25.6198   5.675449   5.676832  0.000e+00
     25.056    25.6364    25.6187   5.675496   5.676917  0.000e+00
     25.158    25.6356    25.6176   5.675483   5.676832  0.000e+00
     25.226    25.6338    25.6167   5.675350   5.676925  0.000e+00
     25.158    25.6304    25.6147   5.675023   5.676785  0.000e+00
     25.205    25.6271    25.6116   5.674538   5.676685  0.000e+00
     25.280    25.6237    25.6084   5.674160   5.676367  0.000e+00
     25.355    25.6204    25.6039   5.673687   5.675855  0.000e+00
     25.253    25.6169    25.5994   5.673215   5.675296  0.000e+00
     25.328    25.6139    25.5966   5.672673   5.674723  0.000e+00
     25.409    25.6111    25.5934   5.672355   5.674273  0.000e+00
     25.409    25.6082    25.5906   5.671999   5.673901  0.000e+00
     25.375    25.6060    25.5879   5.671672   5.673552  0.000e+00
     25.457    25.6035    25.5858   5.671325   5.673156  0.000e+00
     25.477    25.6015    25.5839   5.671063   5.672869  0.000e+00
     25.504    25.5997    25.5818   5.670796   5.672497  0.000e+00
     25.457    25.5977    25.5797   5.670581   5.672249  0.000e+00
     25.525    25.5963    25.5783   5.670345   5.672032  0.000e+00
     25.606    25.5951    25.5772   5.670234   5.671799  0.000e+00
     25.504    25.5937    25.5765   5.670040   5.671637  0.000e+00
     25.525    25.5932    25.5759   5.669967   5.671567  0.000e+00
     25.654    25.5928    25.5756   5.669916   5.671497  0.000e+00
     25.654    25.5922    25.5742   5.669899   5.671334  0.000e+00
     25.626    25.5921    25.5739   5.669886   5.671288  0.000e+00
     25.606    25.5922    25.5728   5.669830   5.671171  0.000e+00
     25.708    25.5917    25.5723   5.669654   5.671055  0.000e+00
     25.728    25.5906    25.5711   5.669585   5.670916  0.000e+00
     25.654    25.5891    25.5690   5.669375   5.670753  0.000e+00
     25.708    25.5873    25.5675   5.669147   5.670683  0.000e+00
     25.728    25.5857    25.5657   5.669014   5.670404  0.000e+00
     25.810    25.5837    25.5639   5.668748   5.670288  0.000e+00
     25.756    25.5822    25.5632   5.668507   5.670125  0.000e+00
     25.728    25.5815    25.5615   5.668413   5.669861  0.000e+00
     25.810    25.5802    25.5610   5.668280   5.669706  0.000e+00
     25.857    25.5794    25.5597   5.668241   5.669567  0.000e+00
     25.830    25.5790    25.5584   5.668104   5.669350  0.000e+00
     25.810    25.5784    25.5570   5.668065   5.669241  0.000e+00
     25.857    25.5776    25.5552   5.667979   5.669071  0.000e+00
     25.878    25.5768    25.5535   5.667816   5.668962  0.000e+00
     25.905    25.5759    25.5521   5.667734   5.668683  0.000e+00
     25.857    25.5746    25.5490   5.667696   5.668513  0.000e+00
     25.830    25.5737    25.5457   5.667404   5.668265  0.000e+00
     25.857    25.5711    25.5417   5.667022   5.667954  0.000e+00
     26.007    25.5675    25.5382   5.666601   5.667528  0.000e+00
     25.932    25.5622    25.5349   5.666245   5.667249  0.000e+00
     25.905    25.5582    25.5322   5.665905   5.666924  0.000e+00
     25.959    25.5552    25.5289   5.665601   5.666505  0.000e+00
     25.980    25.5519    25.5253   5.665296   5.666226  0.000e+00
     26.007    25.5494    25.5224   5.665034   5.665901  0.000e+00
     26.007    25.5467    25.5202   5.664751   5.665668  0.000e+00
     25.980    25.5439    25.5171   5.664420   5.665389  0.000e+00
     26.054    25.5402    25.5143   5.664115   5.665157  0.000e+00
     26.109    25.5361    25.5123   5.663785   5.664971  0.000e+00
     26.129    25.5319    25.5091   5.663416   5.664777  0.000e+00
     26.054    25.5277    25.5063   5.663188   5.664599  0.000e+00
     26.109    25.5236    25.5042   5.662922   5.664498  0.000e+00
     26.231    25.5202    25.5025   5.662695   5.664227  0.000e+00
     26.156    25.5173    25.5002   5.662544   5.664126  0.000e+00
     26.211    25.5151    25.4989   5.662446   5.664041  0.000e+00
     26.231    25.5141    25.4976   5.662399   5.663941  0.000e+00
     26.211    25.5134    25.4971   5.662386   5.663855  0.000e+00
     26.360    25.5132    25.4962   5.662476   5.663848  0.000e+00
     26.333    25.5132    25.4960   5.662669   5.663809  0.000e+00
     26.306    25.5132    25.4959   5.662815   5.663987  0.000e+00
     26.360    25.5115    25.4945   5.662819   5.664134  0.000e+00
     26.408    25.5085    25.4918   5.662781   5.664127  0.000e+00
     26.428    25.5047    25.4881   5.662575   5.664181  0.000e+00
     26.462    25.5017    25.4855   5.662416   5.663941  0.000e+00
     26.408    25.4998    25.4832   5.662257   5.663763  0.000e+00
     26.482    25.4988    25.4818   5.662184   5.663708  0.000e+00
     26.611    25.4978    25.4811   5.662047   5.663670  0.000e+00
     26.557    25.4972    25.4798   5.662034   5.663569  0.000e+00
     26.584    25.4963    25.4792   5.662073   5.663530  0.000e+00
     26.611    25.4952    25.4782   5.661995   5.663429  0.000e+00
     26.706    25.4936    25.4769   5.661867   5.663391  0.000e+00
     26.734    25.4919    25.4743   5.661678   5.663244  0.000e+00
     26.706    25.4894    25.4707   5.661429   5.663158  0.000e+00
     26.808    25.4855    25.4663   5.661081   5.662825  0.000e+00
     26.829    25.4803    25.4618   5.660639   5.662508  0.000e+00
     26.863    25.4747    25.4565   5.660137   5.661981  0.000e+00
     26.910    25.4679    25.4499   5.659597   5.661609  0.000e+00
     26.985    25.4612    25.4434   5.658983   5.661160  0.000e+00
     27.060    25.4558    25.4383   5.658477   5.660587  0.000e+00
     27.012    25.4519    25.4339   5.658267   5.660044  0.000e+00
     27.012    25.4490    25.4313   5.658039   5.659796  0.000e+00
     27.182    25.4460    25.4281   5.657756   5.659471  0.000e+00
     27.209    25.4430    25.4254   5.657396   5.659216  0.000e+00
     27.209    25.4408    25.4233   5.657143   5.658960  0.000e+00
     27.284    25.4380    25.4206   5.656860   5.658658  0.000e+00
     27.358    25.4352    25.4177   5.656602   5.658402  0.000e+00
     27.413    25.4324    25.4151   5.656474   5.658162  0.000e+00
     27.433    25.4307    25.4131   5.656324   5.657915  0.000e+00
     27.508    25.4297    25.4117   5.656281   5.657698  0.000e+00
     27.610    25.4283    25.4106   5.656311   5.657605  0.000e+00
     27.610    25.4267    25.4082   5.656169   5.657589  0.000e+00
     27.637    25.4230    25.4042   5.655792   5.657465  0.000e+00
     27.759    25.4176    25.3984   5.655213   5.657264  0.000e+00
     27.861    25.4115    25.3931   5.654488   5.656769  0.000e+00
     27.834    25.4039    25.3866   5.653566   5.656072  0.000e+00
     27.861    25.3944    25.3778   5.652738   5.655468  0.000e+00
     27.963    25.3852    25.3691   5.651889   5.654624  0.000e+00
     28.065    25.3786    25.3615   5.651229   5.653656  0.000e+00
     28.038    25.3737    25.3564   5.650590   5.652866  0.000e+00
     28.112    25.3684    25.3522   5.649899   5.652262  0.000e+00
     28.214    25.3620    25.3462   5.649171   5.651697  0.000e+00
     28.187    25.3566    25.3403   5.648592   5.651093  0.000e+00
     28.214    25.3526    25.3359   5.648240   5.650350  0.000e+00
     28.411    25.3505    25.3335   5.647953   5.649793  0.000e+00
     28.411    25.3477    25.3312   5.647649   5.649484  0.000e+00
     28.384    25.3424    25.3275   5.647010   5.649236  0.000e+00
     28.513    25.3331    25.3214   5.645926   5.648957  0.000e+00
     28.615    25.3217    25.3112   5.644649   5.648447  0.000e+00
     28.615    25.3100    25.2981   5.643183   5.647472  0.000e+00
     28.690    25.2954    25.2839   5.641533   5.646079  0.000e+00
     28.764    25.2798    25.2690   5.639841   5.644454  0.000e+00
     28.812    25.2631    25.2531   5.638218   5.643007  0.000e+00
     28.812    25.2488    25.2381   5.636800   5.641205  0.000e+00
     28.887    25.2388    25.2251   5.635832   5.639542  0.000e+00
     29.016    25.2319    25.2169   5.634989   5.638096  0.000e+00
     28.961    25.2262    25.2114   5.634428   5.637036  0.000e+00
     29.091    25.2217    25.2074   5.634120   5.636340  0.000e+00
     29.165    25.2194    25.2042   5.633837   5.636015  0.000e+00
     29.165    25.2147    25.1978   5.633131   5.635459  0.000e+00
     29.165    25.2063    25.1929   5.632129   5.634949  0.000e+00
     29.342    25.1985    25.1873   5.631452   5.634400  0.000e+00
     29.362    25.1932    25.1816   5.630935   5.633704  0.000e+00
     29.362    25.1893    25.1760   5.630335   5.633055  0.000e+00
     29.464    25.1811    25.1691   5.629304   5.632475  0.000e+00
     29.539    25.1698    25.1579   5.628084   5.631802  0.000e+00
     29.518    25.1611    25.1489   5.627143   5.630604  0.000e+00
     29.566    25.1531    25.1393   5.626047   5.629584  0.000e+00
     29.715    25.1389    25.1233   5.624430   5.628564  0.000e+00
     29.790    25.1246    25.1066   5.622945   5.626949  0.000e+00
     29.668    25.1137    25.0875   5.621837   5.624963  0.000e+00
     29.715    25.1035    25.0713   5.620700   5.622746  0.000e+00
     29.919    25.0941    25.0584   5.619425   5.620692  0.000e+00
     29.865    25.0815    25.0492   5.618001   5.619279  0.000e+00
     29.838    25.0708    25.0427   5.616774   5.618236  0.000e+00
     29.967    25.0645    25.0386   5.616171   5.617340  0.000e+00
     30.069    25.0599    25.0361   5.615791   5.616800  0.000e+00
     30.014    25.0564    25.0348   5.615406   5.616468  0.000e+00
     30.041    25.0549    25.0343   5.615278   5.616290  0.000e+00
     30.171    25.0562    25.0343   5.615329   5.616236  0.000e+00
     30.218    25.0564    25.0338   5.615329   5.616198  0.000e+00
     30.218    25.0585    25.0332   5.615372   5.616144  0.000e+00
     30.245    25.0562    25.0326   5.615043   5.616013  0.000e+00
     30.368    25.0525    25.0319   5.614594   5.615959  0.000e+00
     30.368    25.0496    25.0314   5.614282   5.615827  0.000e+00
     30.368    25.0482    25.0318   5.614150   5.615727  0.000e+00
     30.415    25.0483    25.0314   5.614128   5.615642  0.000e+00
     30.490    25.0478    25.0292   5.614077   5.615634  0.000e+00
     30.517    25.0470    25.0272   5.613957   5.615457  0.000e+00
     30.517    25.0462    25.0248   5.613731   5.615094  0.000e+00
     30.619    25.0444    25.0238   5.613509   5.614762  0.000e+00
     30.592    25.0424    25.0226   5.613235   5.614585  0.000e+00
     30.619    25.0408    25.0218   5.613085   5.614345  0.000e+00
     30.721    25.0398    25.0211   5.612979   5.614307  0.000e+00
     30.721    25.0393    25.0203   5.612979   5.614067  0.000e+00
     30.721    25.0391    25.0196   5.612803   5.614029  0.000e+00
     30.795    25.0391    25.0192   5.612803   5.613844  0.000e+00
     30.870    25.0391    25.0189   5.612812   5.613890  0.000e+00
     30.870    25.0388    25.0191   5.612756   5.613797  0.000e+00
     30.870    25.0387    25.0188   5.612739   5.613705  0.000e+00
     30.992    25.0385    25.0189   5.612709   5.613612  0.000e+00
     30.972    25.0383    25.0192   5.612637   5.613658  0.000e+00
     30.972    25.0384    25.0192   5.612628   5.613705  0.000e+00
     31.020    25.0376    25.0192   5.612590   5.613705  0.000e+00
     31.020    25.0373    25.0196   5.612444   5.613751  0.000e+00
     31.094    25.0368    25.0192   5.612402   5.613797  0.000e+00
     31.122    25.0370    25.0192   5.612342   5.613705  0.000e+00
     31.169    25.0368    25.0192   5.612321   5.613659  0.000e+00
     31.067    25.0363    25.0196   5.612244   5.613659  0.000e+00
     31.217    25.0363    25.0197   5.612201   5.613659  0.000e+00
     31.244    25.0361    25.0198   5.612192   5.613659  0.000e+00
     31.169    25.0359    25.0201   5.612162   5.613751  0.000e+00
     31.217    25.0357    25.0200   5.612026   5.613751  0.000e+00
     31.318    25.0356    25.0198   5.611983   5.613705  0.000e+00
     31.271    25.0356    25.0194   5.612090   5.613705  0.000e+00
     31.298    25.0356    25.0180   5.612086   5.613612  0.000e+00
     31.271    25.0356    25.0168   5.611974   5.613520  0.000e+00
     31.373    25.0350    25.0163   5.611876   5.613288  0.000e+00
     31.420    25.0343    25.0159   5.611795   5.613196  0.000e+00
     31.373    25.0332    25.0158   5.611774   5.613149  0.000e+00
     31.298    25.0326    25.0151   5.611727   5.613103  0.000e+00
     31.468    25.0317    25.0143   5.611603   5.613010  0.000e+00
     31.522    25.0305    25.0136   5.611534   5.612964  0.000e+00
     31.420    25.0298    25.0123   5.611428   5.612871  0.000e+00
     31.468    25.0280    25.0115   5.611141   5.612779  0.000e+00
     31.495    25.0269    25.0092   5.610966   5.612686  0.000e+00
     31.570    25.0258    25.0078   5.610902   5.612455  0.000e+00
     31.570    25.0243    25.0061   5.610765   5.612277  0.000e+00
     31.522    25.0230    25.0051   5.610552   5.612038  0.000e+00
     31.570    25.0221    25.0039   5.610445   5.611860  0.000e+00
     31.645    25.0204    25.0018   5.610274   5.611760  0.000e+00
     31.624    25.0184    24.9999   5.609966   5.611575  0.000e+00
     31.624    25.0159    24.9985   5.609727   5.611351  0.000e+00
     31.624    25.0139    24.9962   5.609577   5.611251  0.000e+00
     31.719    25.0122    24.9943   5.609419   5.611027  0.000e+00
     31.699    25.0110    24.9923   5.609223   5.610834  0.000e+00
     31.672    25.0089    24.9910   5.609013   5.610602  0.000e+00
     31.719    25.0072    24.9898   5.608830   5.610479  0.000e+00
     31.719    25.0058    24.9878   5.608697   5.610325  0.000e+00
     31.719    25.0050    24.9873   5.608599   5.610186  0.000e+00
     31.848    25.0040    24.9867   5.608424   5.610062  0.000e+00
     31.821    25.0037    24.9858   5.608432   5.609962  0.000e+00
     31.719    25.0030    24.9857   5.608325   5.609869  0.000e+00
     31.821    25.0025    24.9849   5.608437   5.609831  0.000e+00
