data/ctd_bruto.cnv
* Sea-Bird SBE 9 Data File:
* FileName = C:\Meus documentos\Oceano EII\CTD\Bruto\OE033.dat
* Software Version Seasave Win32 V 5.25b
* Temperature SN = 2896
* Conductivity SN = 462
* Number of Bytes Per Scan = 21
* Number of Voltage Words = 1
* Number of Scans Averaged by the Deck Unit = 1
** H40 
** NOc. Antares 
** 184 
** OCEANO E II 
**   033
**   13 30.13 S
**   038 44.66 W
**   19/02/2005  07:49 Z
**   98
** 25491 
** TEN COSTA JUNIOR
# nquan = 6
# nvalues = 8028                    
# units = specified
# name 0 = prDM: Pressure, Digiquartz [db]
# name 1 = t068C: Temperature [ITS-68, deg C]
# name 2 = t168C: Temperature, 2 [ITS-68, deg C]
# name 3 = c0S/m: Conductivity [S/m]
# name 4 = c1S/m: Conductivity, 2 [S/m]
# name 5 = flag:  0.000e+00
# span 0 =      3.829,     98.135       
# span 1 =    18.7120,    27.6006       
# span 2 =    18.6952,    27.5855       
# span 3 =   4.798175,   5.845152       
# span 4 =   4.798669,   5.847057       
# span 5 = 0.0000e+00, 0.0000e+00       
# interval = seconds: 0.0416667                   
# start_time = Feb 19 2005 05:49:44
# bad_flag = -9.990e-29
*END*
[from data line 4299]
     97.911    18.7468    18.7233   4.802554   4.802449  0.000e+00
     97.883    18.7481    18.7256   4.802824   4.802449  0.000e+00
     97.883    18.7513    18.7279   4.803173   4.802608  0.000e+00
     97.761    18.7527    18.7286   4.803344   4.802810  0.000e+00
     97.781    18.7523    18.7282   4.803292   4.803012  0.000e+00
     97.761    18.7527    18.7293   4.803344   4.802976  0.000e+00
     97.829    18.7543    18.7305   4.803395   4.803135  0.000e+00
     97.781    18.7550    18.7293   4.803491   4.803215  0.000e+00
     97.809    18.7539    18.7280   4.803411   4.803215  0.000e+00
     97.883    18.7515    18.7273   4.803157   4.803092  0.000e+00
     97.809    18.7507    18.7281   4.803002   4.803056  0.000e+00
     97.781    18.7495    18.7289   4.802812   4.803056  0.000e+00
     97.781    18.7484    18.7294   4.802673   4.803056  0.000e+00
     97.761    18.7482    18.7296   4.802669   4.803135  0.000e+00
     97.679    18.7472    18.7289   4.802601   4.803135  0.000e+00
     97.761    18.7466    18.7284   4.802518   4.803056  0.000e+00
     97.734    18.7470    18.7282   4.802554   4.803056  0.000e+00
     97.734    18.7477    18.7280   4.802653   4.803056  0.000e+00
     97.761    18.7482    18.7286   4.802764   4.802933  0.000e+00
     97.734    18.7486    18.7284   4.802843   4.802976  0.000e+00
     97.632    18.7484    18.7281   4.802621   4.803012  0.000e+00
     97.707    18.7472    18.7284   4.802430   4.802976  0.000e+00
     97.577    18.7466    18.7286   4.802498   4.802976  0.000e+00
     97.659    18.7461    18.7288   4.802589   4.803012  0.000e+00
     97.632    18.7466    18.7287   4.802661   4.803092  0.000e+00
     97.577    18.7481    18.7291   4.802736   4.803099  0.000e+00
     97.605    18.7482    18.7292   4.802756   4.803135  0.000e+00
     97.632    18.7479    18.7288   4.802673   4.803135  0.000e+00
     97.605    18.7482    18.7284   4.802728   4.802976  0.000e+00
     97.530    18.7484    18.7288   4.802780   4.803056  0.000e+00
     97.530    18.7486    18.7294   4.802843   4.803099  0.000e+00
     97.455    18.7491    18.7303   4.802863   4.803179  0.000e+00
     97.428    18.7495    18.7316   4.802887   4.803294  0.000e+00
     97.380    18.7500    18.7333   4.803006   4.803417  0.000e+00
     97.407    18.7527    18.7340   4.803427   4.803583  0.000e+00
     97.428    18.7550    18.7348   4.803661   4.803742  0.000e+00
     97.455    18.7558    18.7368   4.803725   4.803865  0.000e+00
     97.428    18.7568    18.7374   4.803788   4.803945  0.000e+00
     97.428    18.7575    18.7382   4.803784   4.804147  0.000e+00
     97.407    18.7575    18.7378   4.803824   4.804191  0.000e+00
     97.333    18.7579    18.7382   4.803896   4.804190  0.000e+00
     97.333    18.7586    18.7389   4.804023   4.804190  0.000e+00
     97.258    18.7596    18.7392   4.804118   4.804313  0.000e+00
     97.278    18.7593    18.7387   4.804138   4.804393  0.000e+00
     97.203    18.7598    18.7394   4.804213   4.804349  0.000e+00
     97.278    18.7611    18.7405   4.804352   4.804436  0.000e+00
     97.231    18.7616    18.7420   4.804416   4.804472  0.000e+00
     97.258    18.7625    18.7438   4.804503   4.804631  0.000e+00
     97.231    18.7631    18.7441   4.804590   4.804834  0.000e+00
     97.128    18.7640    18.7447   4.804690   4.805036  0.000e+00
     97.108    18.7641    18.7451   4.804718   4.805007  0.000e+00
     97.128    18.7645    18.7455   4.804797   4.805080  0.000e+00
     97.054    18.7650    18.7463   4.804880   4.805080  0.000e+00
     97.081    18.7659    18.7460   4.805035   4.805159  0.000e+00
     97.081    18.7676    18.7463   4.805214   4.805202  0.000e+00
     97.054    18.7684    18.7464   4.805341   4.805159  0.000e+00
     97.081    18.7691    18.7469   4.805373   4.805253  0.000e+00
     97.081    18.7700    18.7475   4.805448   4.805239  0.000e+00
     97.006    18.7709    18.7483   4.805508   4.805405  0.000e+00
     97.026    18.7713    18.7487   4.805599   4.805528  0.000e+00
     96.952    18.7714    18.7500   4.805651   4.805607  0.000e+00
     96.877    18.7718    18.7497   4.805690   4.805687  0.000e+00
     96.924    18.7729    18.7498   4.805782   4.805737  0.000e+00
     96.904    18.7739    18.7502   4.805885   4.805687  0.000e+00
     96.924    18.7748    18.7504   4.806024   4.805687  0.000e+00
     96.924    18.7756    18.7501   4.806092   4.805687  0.000e+00
     96.952    18.7757    18.7502   4.806100   4.805730  0.000e+00
     96.924    18.7763    18.7499   4.806207   4.805730  0.000e+00
     96.856    18.7766    18.7493   4.806195   4.805658  0.000e+00
     96.829    18.7768    18.7492   4.806115   4.805564  0.000e+00
     96.775    18.7768    18.7489   4.806179   4.805484  0.000e+00
     96.802    18.7768    18.7490   4.806235   4.805441  0.000e+00
     96.829    18.7765    18.7487   4.806243   4.805441  0.000e+00
     96.829    18.7766    18.7486   4.806298   4.805441  0.000e+00
     96.802    18.7772    18.7484   4.806294   4.805332  0.000e+00
     96.877    18.7774    18.7501   4.806278   4.805325  0.000e+00
     96.877    18.7770    18.7527   4.806227   4.805484  0.000e+00
     96.856    18.7765    18.7527   4.805988   4.805687  0.000e+00
     96.775    18.7759    18.7506   4.805996   4.805766  0.000e+00
     96.802    18.7747    18.7516   4.805865   4.805687  0.000e+00
     96.775    18.7730    18.7546   4.805643   4.805701  0.000e+00
     96.829    18.7716    18.7580   4.805484   4.806092  0.000e+00
     96.802    18.7704    18.7596   4.805313   4.806417  0.000e+00
     96.924    18.7688    18.7630   4.805158   4.806620  0.000e+00
     96.877    18.7677    18.7632   4.804980   4.806902  0.000e+00
     96.952    18.7663    18.7617   4.804829   4.807147  0.000e+00
     96.924    18.7655    18.7596   4.804817   4.807025  0.000e+00
     96.924    18.7662    18.7585   4.804960   4.806837  0.000e+00
     96.904    18.7668    18.7595   4.804984   4.806699  0.000e+00
     96.877    18.7673    18.7591   4.805083   4.806699  0.000e+00
     96.952    18.7684    18.7598   4.805222   4.806779  0.000e+00
     96.924    18.7686    18.7599   4.805262   4.806865  0.000e+00
     97.026    18.7684    18.7605   4.805182   4.806865  0.000e+00
     97.054    18.7682    18.7600   4.805289   4.806981  0.000e+00
     97.081    18.7697    18.7583   4.805496   4.806902  0.000e+00
     97.081    18.7720    18.7554   4.805718   4.806591  0.000e+00
     97.054    18.7718    18.7530   4.805695   4.806135  0.000e+00
     97.081    18.7709    18.7547   4.805583   4.805846  0.000e+00
     97.108    18.7706    18.7556   4.805552   4.806135  0.000e+00
     97.128    18.7704    18.7534   4.805421   4.806461  0.000e+00
     97.176    18.7700    18.7470   4.805373   4.806215  0.000e+00
     97.203    18.7702    18.7401   4.805266   4.805333  0.000e+00
     97.333    18.7628    18.7326   4.804110   4.804552  0.000e+00
     97.278    18.7515    18.7268   4.802700   4.803583  0.000e+00
     97.305    18.7427    18.7221   4.801700   4.802651  0.000e+00
     97.278    18.7368    18.7189   4.801017   4.802203  0.000e+00
     97.305    18.7318    18.7155   4.800457   4.801798  0.000e+00
     97.333    18.7286    18.7128   4.800183   4.801473  0.000e+00
     97.380    18.7261    18.7107   4.800028   4.801111  0.000e+00
     97.509    18.7252    18.7099   4.799965   4.800866  0.000e+00
     97.482    18.7253    18.7093   4.799929   4.800779  0.000e+00
     97.530    18.7258    18.7088   4.799973   4.800707  0.000e+00
     97.557    18.7261    18.7085   4.799969   4.800663  0.000e+00
     97.577    18.7258    18.7078   4.799929   4.800577  0.000e+00
     97.509    18.7249    18.7085   4.799893   4.800548  0.000e+00
     97.577    18.7251    18.7088   4.799905   4.800548  0.000e+00
     97.530    18.7256    18.7092   4.799941   4.800627  0.000e+00
     97.659    18.7258    18.7091   4.799981   4.800743  0.000e+00
     97.679    18.7260    18.7085   4.800017   4.800707  0.000e+00
     97.761    18.7256    18.7085   4.799973   4.800627  0.000e+00
     97.734    18.7247    18.7072   4.799822   4.800584  0.000e+00
     97.734    18.7236    18.7065   4.799747   4.800418  0.000e+00
     97.761    18.7234    18.7058   4.799711   4.800302  0.000e+00
     97.781    18.7234    18.7053   4.799651   4.800179  0.000e+00
     97.829    18.7236    18.7062   4.799707   4.800208  0.000e+00
     97.911    18.7236    18.7063   4.799735   4.800223  0.000e+00
     97.931    18.7233    18.7067   4.799711   4.800302  0.000e+00
     97.856    18.7233    18.7067   4.799675   4.800382  0.000e+00
     97.931    18.7233    18.7072   4.799663   4.800295  0.000e+00
     97.883    18.7231    18.7079   4.799663   4.800425  0.000e+00
     97.911    18.7229    18.7078   4.799640   4.800505  0.000e+00
     97.931    18.7236    18.7079   4.799735   4.800418  0.000e+00
     98.013    18.7243    18.7081   4.799826   4.800461  0.000e+00
     97.931    18.7252    18.7076   4.799870   4.800505  0.000e+00
     97.931    18.7256    18.7080   4.799933   4.800461  0.000e+00
     97.958    18.7258    18.7069   4.799957   4.800454  0.000e+00
     97.985    18.7256    18.7057   4.799902   4.800382  0.000e+00
     98.013    18.7253    18.7055   4.799858   4.800179  0.000e+00
     98.081    18.7247    18.7051   4.799763   4.800093  0.000e+00
     98.135    18.7240    18.7050   4.799683   4.800100  0.000e+00
     98.060    18.7233    18.7041   4.799612   4.800057  0.000e+00
     98.135    18.7231    18.7039   4.799509   4.799977  0.000e+00
     98.060    18.7225    18.7030   4.799505   4.799847  0.000e+00
     98.135    18.7218    18.7028   4.799437   4.799775  0.000e+00
     98.081    18.7213    18.7028   4.799386   4.799739  0.000e+00
     98.108    18.7209    18.7044   4.799290   4.799724  0.000e+00
     98.135    18.7208    18.7055   4.799211   4.799898  0.000e+00
     98.108    18.7213    18.7062   4.799334   4.800021  0.000e+00
     98.081    18.7223    18.7062   4.799513   4.800100  0.000e+00
     98.081    18.7234    18.7065   4.799663   4.800172  0.000e+00
     98.013    18.7242    18.7069   4.799699   4.800179  0.000e+00
     98.033    18.7243    18.7069   4.799675   4.800259  0.000e+00
     97.985    18.7245    18.7065   4.799663   4.800295  0.000e+00
     97.958    18.7251    18.7062   4.799771   4.800302  0.000e+00
     97.985    18.7263    18.7051   4.799973   4.800179  0.000e+00
     97.958    18.7267    18.7051   4.800005   4.800100  0.000e+00
     98.033    18.7274    18.7050   4.800017   4.800049  0.000e+00
     98.033    18.7274    18.7046   4.800005   4.800020  0.000e+00
     98.013    18.7267    18.7041   4.799909   4.800057  0.000e+00
     97.883    18.7260    18.7037   4.799778   4.799926  0.000e+00
     97.856    18.7245    18.7030   4.799632   4.799818  0.000e+00
     97.931    18.7234    18.7024   4.799536   4.799775  0.000e+00
     97.781    18.7228    18.7023   4.799437   4.799652  0.000e+00
     97.809    18.7223    18.7018   4.799358   4.799601  0.000e+00
     97.734    18.7220    18.7013   4.799362   4.799572  0.000e+00
     97.707    18.7218    18.7010   4.799373   4.799536  0.000e+00
     97.781    18.7220    18.7022   4.799397   4.799478  0.000e+00
     97.734    18.7220    18.7030   4.799385   4.799652  0.000e+00
     97.761    18.7223    18.7041   4.799373   4.799775  0.000e+00
     97.679    18.7225    18.7038   4.799425   4.799890  0.000e+00
     97.659    18.7229    18.7043   4.799496   4.799854  0.000e+00
     97.632    18.7227    18.7041   4.799409   4.799941  0.000e+00
     97.577    18.7222    18.7044   4.799405   4.799941  0.000e+00
     97.509    18.7223    18.7046   4.799465   4.799926  0.000e+00
     97.482    18.7231    18.7041   4.799504   4.799977  0.000e+00
     97.428    18.7233    18.7041   4.799492   4.799897  0.000e+00
     97.360    18.7236    18.7039   4.799564   4.799890  0.000e+00
     97.428    18.7238    18.7043   4.799643   4.799897  0.000e+00
     97.360    18.7238    18.7043   4.799584   4.799897  0.000e+00
     97.333    18.7234    18.7044   4.799500   4.799941  0.000e+00
     97.333    18.7233    18.7044   4.799480   4.799890  0.000e+00
     97.360    18.7233    18.7043   4.799504   4.799897  0.000e+00
     97.278    18.7231    18.7048   4.799516   4.799941  0.000e+00
     97.231    18.7234    18.7044   4.799572   4.799926  0.000e+00
     97.156    18.7238    18.7050   4.799568   4.799941  0.000e+00
     97.128    18.7242    18.7048   4.799639   4.799941  0.000e+00
     97.054    18.7246    18.7053   4.799718   4.800006  0.000e+00
     97.081    18.7249    18.7057   4.799762   4.799977  0.000e+00
     97.026    18.7256    18.7058   4.799826   4.800020  0.000e+00
     96.952    18.7260    18.7062   4.799897   4.800056  0.000e+00
     96.979    18.7272    18.7070   4.800107   4.800172  0.000e+00
     96.924    18.7286    18.7072   4.800278   4.800179  0.000e+00
     96.904    18.7299    18.7079   4.800397   4.800381  0.000e+00
     96.924    18.7300    18.7081   4.800401   4.800295  0.000e+00
     96.952    18.7306    18.7083   4.800473   4.800425  0.000e+00
     96.877    18.7308    18.7085   4.800528   4.800381  0.000e+00
     96.877    18.7322    18.7095   4.800671   4.800425  0.000e+00
     96.802    18.7350    18.7107   4.801100   4.800533  0.000e+00
     96.727    18.7395    18.7114   4.801632   4.800627  0.000e+00
     96.727    18.7436    18.7116   4.802124   4.800786  0.000e+00
     96.754    18.7475    18.7170   4.802760   4.800865  0.000e+00
     96.625    18.7529    18.7202   4.803697   4.801183  0.000e+00
     96.673    18.7615    18.7179   4.804852   4.801595  0.000e+00
     96.605    18.7690    18.7149   4.805702   4.801559  0.000e+00
     96.625    18.7720    18.7132   4.805957   4.801190  0.000e+00
     96.673    18.7745    18.7128   4.806044   4.800944  0.000e+00
     96.605    18.7754    18.7139   4.805849   4.801031  0.000e+00
     96.673    18.7718    18.7158   4.805361   4.801190  0.000e+00
     96.605    18.7700    18.7167   4.805253   4.801306  0.000e+00
     96.578    18.7722    18.7176   4.805535   4.801393  0.000e+00
     96.578    18.7765    18.7226   4.806004   4.801393  0.000e+00
     96.503    18.7800    18.7264   4.806242   4.801797  0.000e+00
     96.578    18.7811    18.7272   4.806338   4.802361  0.000e+00
     96.476    18.7795    18.7266   4.806135   4.802571  0.000e+00
     96.503    18.7729    18.7282   4.805138   4.802527  0.000e+00
     96.523    18.7641    18.7284   4.804201   4.802650  0.000e+00
     96.523    18.7581    18.7253   4.803446   4.802730  0.000e+00
     96.550    18.7534    18.7240   4.803157   4.802484  0.000e+00
     96.578    18.7534    18.7306   4.803744   4.802246  0.000e+00
     96.550    18.7595    18.7396   4.803955   4.802730  0.000e+00
     96.578    18.7536    18.7502   4.803025   4.804190  0.000e+00
     96.476    18.7457    18.7593   4.802037   4.805412  0.000e+00
     96.605    18.7407    18.7666   4.801513   4.806417  0.000e+00
     96.428    18.7381    18.7713   4.801302   4.807552  0.000e+00
     96.523    18.7370    18.7708   4.801183   4.808117  0.000e+00
     96.550    18.7365    18.7637   4.801263   4.808080  0.000e+00
     96.625    18.7404    18.7619   4.801898   4.807227  0.000e+00
     96.625    18.7442    18.7667   4.802180   4.806865  0.000e+00
     96.605    18.7422    18.7680   4.801803   4.807148  0.000e+00
     96.673    18.7383    18.7677   4.801501   4.807813  0.000e+00
     96.578    18.7388    18.7747   4.801525   4.808080  0.000e+00
     96.652    18.7398    18.7836   4.801743   4.808485  0.000e+00
     96.578    18.7452    18.7918   4.802624   4.809744  0.000e+00
     96.652    18.7556    18.7986   4.803931   4.810713  0.000e+00
     96.673    18.7679    18.8011   4.805754   4.811444  0.000e+00
     96.727    18.7831    18.7986   4.807438   4.811769  0.000e+00
     96.754    18.7918    18.7948   4.808090   4.811566  0.000e+00
     96.775    18.7882    18.7929   4.807279   4.811082  0.000e+00
