data/ctd_bruto.cnv
* Sea-Bird SBE 9 Data File:
* FileName = C:\Meus documentos\Oceano EII\CTD\Bruto\OE033.dat
* Software Version Seasave Win32 V 5.25b
* Temperature SN = 2896
* Conductivity SN = 462
* Number of Bytes Per Scan = 21
* Number of Voltage Words = 1
* Number of Scans Averaged by the Deck Unit = 1
** H40 
** NOc. Antares 
** 184 
** OCEANO E II 
**   033
**   13 30.13 S
**   038 44.66 W
**   19/02/2005  07:49 Z
**   98
** 25491 
** TEN COSTA JUNIOR
# nquan = 6
# nvalues = 8028                    
# units = specified
# name 0 = prDM: Pressure, Digiquartz [db]
# name 1 = t068C: Temperature [ITS-68, deg C]
# name 2 = t168C: Temperature, 2 [ITS-68, deg C]
# name 3 = c0S/m: Conductivity [S/m]
# name 4 = c1S/m: Conductivity, 2 [S/m]
# name 5 = flag:  0.000e+00
# span 0 =      3.829,     98.135       
# span 1 =    18.7120,    27.6006       
# span 2 =    18.6952,    27.5855       
# span 3 =   4.798175,   5.845152       
# span 4 =   4.798669,   5.847057       
# span 5 = 0.0000e+00, 0.0000e+00       
# interval = seconds: 0.0416667                   
# start_time = Feb 19 2005 05:49:44
# bad_flag = -9.990e-29
*END*
[from data line 7403]
      6.823    27.5605    27.5576   5.842257   5.842736  0.000e+00
      6.884    27.5630    27.5557   5.842026   5.842940  0.000e+00
      6.884    27.5656    27.5553   5.841961   5.843277  0.000e+00
      6.830    27.5673    27.5557   5.841991   5.843560  0.000e+00
      6.932    27.5682    27.5570   5.841843   5.843607  0.000e+00
      6.925    27.5696    27.5583   5.841625   5.843403  0.000e+00
      6.884    27.5707    27.5581   5.841665   5.843222  0.000e+00
      6.932    27.5718    27.5585   5.841699   5.843222  0.000e+00
      6.932    27.5729    27.5586   5.841569   5.843222  0.000e+00
      6.884    27.5737    27.5598   5.841429   5.843262  0.000e+00
      6.925    27.5741    27.5608   5.841364   5.843034  0.000e+00
      6.932    27.5740    27.5611   5.841416   5.843081  0.000e+00
      6.932    27.5743    27.5611   5.841503   5.842893  0.000e+00
      6.932    27.5743    27.5621   5.841495   5.842830  0.000e+00
      6.932    27.5743    27.5629   5.841451   5.842798  0.000e+00
      6.972    27.5743    27.5636   5.841438   5.842893  0.000e+00
      6.884    27.5741    27.5638   5.841373   5.842845  0.000e+00
      6.932    27.5746    27.5629   5.841547   5.842696  0.000e+00
      6.986    27.5748    27.5625   5.841451   5.842453  0.000e+00
      6.925    27.5750    27.5619   5.841394   5.842319  0.000e+00
      6.932    27.5752    27.5614   5.841364   5.842319  0.000e+00
      6.986    27.5758    27.5610   5.841286   5.842414  0.000e+00
      6.932    27.5756    27.5609   5.841360   5.842453  0.000e+00
      6.884    27.5762    27.5603   5.841299   5.842508  0.000e+00
      7.027    27.5763    27.5592   5.841264   5.842508  0.000e+00
      6.932    27.5762    27.5546   5.841264   5.842461  0.000e+00
      6.884    27.5756    27.5502   5.841233   5.842414  0.000e+00
      6.932    27.5759    27.5467   5.841190   5.842351  0.000e+00
      6.986    27.5767    27.5432   5.841111   5.842272  0.000e+00
      6.823    27.5771    27.5463   5.841185   5.842076  0.000e+00
      6.884    27.5776    27.5524   5.841190   5.842076  0.000e+00
      6.884    27.5790    27.5563   5.841146   5.842170  0.000e+00
      6.830    27.5803    27.5594   5.841163   5.842304  0.000e+00
      6.823    27.5793    27.5607   5.841176   5.842366  0.000e+00
      6.884    27.5772    27.5614   5.841081   5.842414  0.000e+00
      6.735    27.5763    27.5614   5.841076   5.842508  0.000e+00
      6.782    27.5773    27.5613   5.841120   5.842453  0.000e+00
      6.830    27.5792    27.5616   5.841037   5.842508  0.000e+00
      6.728    27.5797    27.5618   5.841033   5.842508  0.000e+00
      6.735    27.5803    27.5623   5.841015   5.842602  0.000e+00
      6.735    27.5805    27.5627   5.841002   5.842555  0.000e+00
      6.680    27.5806    27.5635   5.840937   5.842594  0.000e+00
      6.680    27.5807    27.5640   5.840654   5.842602  0.000e+00
      6.674    27.5799    27.5638   5.840501   5.842602  0.000e+00
      6.585    27.5795    27.5636   5.840349   5.842649  0.000e+00
      6.633    27.5790    27.5632   5.840205   5.842555  0.000e+00
      6.633    27.5778    27.5631   5.840235   5.842398  0.000e+00
      6.531    27.5776    27.5623   5.840288   5.842413  0.000e+00
      6.572    27.5771    27.5619   5.840366   5.842225  0.000e+00
      6.483    27.5776    27.5620   5.840327   5.841981  0.000e+00
      6.429    27.5780    27.5616   5.840270   5.841973  0.000e+00
      6.531    27.5788    27.5618   5.840257   5.841887  0.000e+00
      6.429    27.5793    27.5614   5.840288   5.841840  0.000e+00
      6.375    27.5795    27.5619   5.840301   5.841840  0.000e+00
      6.483    27.5795    27.5620   5.840139   5.841887  0.000e+00
      6.334    27.5795    27.5620   5.839952   5.841973  0.000e+00
      6.334    27.5790    27.5619   5.840004   5.841934  0.000e+00
      6.334    27.5788    27.5620   5.840039   5.841934  0.000e+00
      6.273    27.5790    27.5622   5.840070   5.841840  0.000e+00
      6.280    27.5784    27.5623   5.839987   5.841887  0.000e+00
      6.232    27.5784    27.5625   5.839887   5.841879  0.000e+00
      6.185    27.5780    27.5623   5.839865   5.841793  0.000e+00
      6.232    27.5780    27.5627   5.839930   5.841887  0.000e+00
      6.124    27.5778    27.5625   5.839921   5.841887  0.000e+00
      6.185    27.5784    27.5623   5.840004   5.841793  0.000e+00
      6.130    27.5784    27.5616   5.839974   5.841832  0.000e+00
      6.083    27.5784    27.5614   5.839952   5.841793  0.000e+00
      6.130    27.5782    27.5612   5.839887   5.841698  0.000e+00
      6.022    27.5781    27.5613   5.839961   5.841698  0.000e+00
      6.029    27.5784    27.5613   5.840026   5.841596  0.000e+00
      6.029    27.5784    27.5610   5.840039   5.841636  0.000e+00
      5.981    27.5784    27.5613   5.839943   5.841596  0.000e+00
      5.981    27.5782    27.5608   5.840004   5.841698  0.000e+00
      5.981    27.5784    27.5613   5.840104   5.841651  0.000e+00
      5.872    27.5786    27.5607   5.840126   5.841698  0.000e+00
      5.934    27.5791    27.5590   5.840096   5.841683  0.000e+00
      5.832    27.5792    27.5570   5.840148   5.841596  0.000e+00
      5.879    27.5793    27.5570   5.840235   5.841455  0.000e+00
      5.832    27.5795    27.5568   5.840226   5.841408  0.000e+00
      5.825    27.5797    27.5568   5.840183   5.841408  0.000e+00
      5.784    27.5795    27.5568   5.840139   5.841447  0.000e+00
      5.784    27.5795    27.5568   5.840156   5.841502  0.000e+00
      5.784    27.5795    27.5568   5.840139   5.841408  0.000e+00
      5.682    27.5797    27.5570   5.840222   5.841549  0.000e+00
      5.723    27.5797    27.5566   5.840226   5.841455  0.000e+00
      5.730    27.5799    27.5562   5.840213   5.841447  0.000e+00
      5.628    27.5797    27.5559   5.840244   5.841502  0.000e+00
      5.682    27.5799    27.5561   5.840191   5.841502  0.000e+00
      5.580    27.5797    27.5575   5.840200   5.841549  0.000e+00
      5.628    27.5797    27.5574   5.840117   5.841455  0.000e+00
      5.574    27.5797    27.5566   5.840148   5.841588  0.000e+00
      5.533    27.5797    27.5572   5.840139   5.841455  0.000e+00
      5.533    27.5795    27.5572   5.840126   5.841651  0.000e+00
      5.479    27.5797    27.5576   5.840191   5.841549  0.000e+00
      5.479    27.5799    27.5584   5.840213   5.841502  0.000e+00
      5.424    27.5797    27.5588   5.840148   5.841588  0.000e+00
      5.431    27.5802    27.5590   5.840030   5.841651  0.000e+00
      5.384    27.5803    27.5597   5.840091   5.841596  0.000e+00
      5.384    27.5805    27.5596   5.840156   5.841651  0.000e+00
      5.384    27.5805    27.5596   5.840265   5.841698  0.000e+00
      5.329    27.5807    27.5597   5.840269   5.841682  0.000e+00
      5.322    27.5807    27.5596   5.840191   5.841651  0.000e+00
      5.282    27.5810    27.5596   5.840200   5.841698  0.000e+00
      5.329    27.5806    27.5596   5.840243   5.841651  0.000e+00
      5.227    27.5810    27.5596   5.840287   5.841698  0.000e+00
      5.282    27.5812    27.5598   5.840169   5.841635  0.000e+00
      5.180    27.5814    27.5590   5.840221   5.841651  0.000e+00
      5.275    27.5814    27.5564   5.840256   5.841596  0.000e+00
      5.180    27.5818    27.5557   5.840322   5.841407  0.000e+00
      5.180    27.5823    27.5551   5.840282   5.841313  0.000e+00
      5.180    27.5822    27.5542   5.840322   5.841258  0.000e+00
      5.078    27.5825    27.5526   5.840348   5.841023  0.000e+00
      5.132    27.5824    27.5513   5.840348   5.840881  0.000e+00
      5.126    27.5825    27.5494   5.840313   5.840834  0.000e+00
      5.132    27.5825    27.5502   5.840335   5.840787  0.000e+00
      5.031    27.5827    27.5511   5.840313   5.840740  0.000e+00
      5.078    27.5822    27.5511   5.840330   5.840873  0.000e+00
      4.983    27.5820    27.5489   5.840278   5.840881  0.000e+00
      5.078    27.5816    27.5476   5.840191   5.840787  0.000e+00
      4.976    27.5814    27.5461   5.840265   5.840693  0.000e+00
      4.983    27.5812    27.5458   5.840234   5.840646  0.000e+00
      4.983    27.5809    27.5459   5.840147   5.840638  0.000e+00
      4.929    27.5808    27.5454   5.840126   5.840740  0.000e+00
      5.031    27.5795    27.5456   5.839995   5.840740  0.000e+00
      4.881    27.5792    27.5461   5.840017   5.840740  0.000e+00
      4.922    27.5788    27.5465   5.840104   5.840787  0.000e+00
      4.881    27.5788    27.5470   5.840030   5.840787  0.000e+00
      4.881    27.5788    27.5472   5.839929   5.840873  0.000e+00
      4.827    27.5790    27.5483   5.840038   5.840881  0.000e+00
      4.929    27.5789    27.5494   5.840082   5.840928  0.000e+00
      4.779    27.5786    27.5498   5.839921   5.840881  0.000e+00
      4.874    27.5780    27.5500   5.839960   5.841022  0.000e+00
      4.779    27.5773    27.5504   5.839899   5.841022  0.000e+00
      4.827    27.5763    27.5500   5.839834   5.841070  0.000e+00
      4.732    27.5758    27.5504   5.839720   5.841022  0.000e+00
      4.779    27.5754    27.5515   5.839751   5.841070  0.000e+00
      4.779    27.5755    27.5517   5.839807   5.841172  0.000e+00
      4.725    27.5752    27.5520   5.839821   5.841211  0.000e+00
      4.732    27.5758    27.5515   5.839786   5.841125  0.000e+00
      4.677    27.5763    27.5513   5.839873   5.841219  0.000e+00
      4.732    27.5773    27.5515   5.839938   5.841266  0.000e+00
      4.677    27.5773    27.5522   5.839951   5.841266  0.000e+00
      4.677    27.5778    27.5517   5.839921   5.841219  0.000e+00
      4.671    27.5780    27.5524   5.839938   5.841258  0.000e+00
      4.677    27.5775    27.5526   5.839982   5.841219  0.000e+00
      4.576    27.5773    27.5537   5.839929   5.841313  0.000e+00
      4.677    27.5773    27.5553   5.839877   5.841266  0.000e+00
      4.576    27.5769    27.5561   5.839864   5.841266  0.000e+00
      4.630    27.5765    27.5566   5.839864   5.841399  0.000e+00
      4.576    27.5762    27.5570   5.839768   5.841360  0.000e+00
      4.623    27.5743    27.5577   5.839759   5.841407  0.000e+00
      4.576    27.5737    27.5579   5.839746   5.841407  0.000e+00
      4.528    27.5745    27.5574   5.839733   5.841407  0.000e+00
      4.528    27.5752    27.5575   5.839733   5.841493  0.000e+00
      4.528    27.5758    27.5572   5.839894   5.841501  0.000e+00
      4.576    27.5773    27.5577   5.840047   5.841548  0.000e+00
      4.474    27.5786    27.5577   5.840178   5.841548  0.000e+00
      4.576    27.5790    27.5585   5.840243   5.841548  0.000e+00
      4.426    27.5793    27.5581   5.840225   5.841493  0.000e+00
      4.528    27.5790    27.5572   5.840117   5.841454  0.000e+00
      4.481    27.5782    27.5570   5.840016   5.841501  0.000e+00
      4.528    27.5763    27.5570   5.839995   5.841548  0.000e+00
      4.426    27.5750    27.5574   5.839929   5.841501  0.000e+00
      4.474    27.5750    27.5574   5.839877   5.841541  0.000e+00
      4.426    27.5758    27.5576   5.839894   5.841501  0.000e+00
      4.426    27.5759    27.5576   5.839938   5.841501  0.000e+00
      4.426    27.5759    27.5581   5.839921   5.841454  0.000e+00
      4.379    27.5763    27.5585   5.839877   5.841501  0.000e+00
      4.426    27.5758    27.5592   5.839929   5.841541  0.000e+00
      4.372    27.5758    27.5603   5.839886   5.841595  0.000e+00
      4.426    27.5763    27.5607   5.839929   5.841650  0.000e+00
      4.379    27.5767    27.5616   5.839981   5.841745  0.000e+00
      4.379    27.5769    27.5613   5.839929   5.841698  0.000e+00
      4.331    27.5770    27.5622   5.839938   5.841784  0.000e+00
      4.379    27.5771    27.5623   5.840016   5.841792  0.000e+00
      4.331    27.5771    27.5625   5.840008   5.841886  0.000e+00
      4.324    27.5767    27.5622   5.839964   5.841745  0.000e+00
      4.379    27.5769    27.5623   5.839951   5.841792  0.000e+00
      4.277    27.5769    27.5618   5.840016   5.841784  0.000e+00
      4.331    27.5771    27.5614   5.839942   5.841792  0.000e+00
      4.277    27.5774    27.5614   5.839938   5.841745  0.000e+00
      4.277    27.5776    27.5616   5.839951   5.841697  0.000e+00
      4.277    27.5776    27.5612   5.839981   5.841697  0.000e+00
      4.223    27.5776    27.5613   5.840060   5.841737  0.000e+00
      4.229    27.5776    27.5613   5.840051   5.841697  0.000e+00
      4.175    27.5778    27.5607   5.840008   5.841595  0.000e+00
      4.229    27.5780    27.5607   5.839994   5.841595  0.000e+00
      4.175    27.5780    27.5613   5.839994   5.841697  0.000e+00
      4.229    27.5780    27.5612   5.839994   5.841737  0.000e+00
      4.175    27.5780    27.5613   5.840025   5.841650  0.000e+00
      4.175    27.5778    27.5614   5.840068   5.841697  0.000e+00
      4.229    27.5780    27.5614   5.840082   5.841697  0.000e+00
      4.175    27.5775    27.5613   5.840016   5.841745  0.000e+00
      4.229    27.5771    27.5616   5.839964   5.841737  0.000e+00
      4.229    27.5765    27.5613   5.839951   5.841697  0.000e+00
      4.229    27.5759    27.5613   5.840016   5.841745  0.000e+00
      4.324    27.5756    27.5614   5.840038   5.841745  0.000e+00
      4.229    27.5750    27.5605   5.839942   5.841697  0.000e+00
      4.229    27.5746    27.5599   5.839877   5.841737  0.000e+00
      4.229    27.5745    27.5599   5.839768   5.841697  0.000e+00
      4.175    27.5741    27.5599   5.839798   5.841697  0.000e+00
      4.277    27.5733    27.5594   5.839851   5.841697  0.000e+00
      4.229    27.5731    27.5592   5.839960   5.841650  0.000e+00
      4.223    27.5733    27.5598   5.839964   5.841737  0.000e+00
      4.229    27.5732    27.5601   5.839920   5.841697  0.000e+00
      4.175    27.5729    27.5607   5.839938   5.841745  0.000e+00
      4.277    27.5733    27.5605   5.840016   5.841745  0.000e+00
      4.229    27.5737    27.5605   5.840038   5.841745  0.000e+00
      4.229    27.5739    27.5608   5.839973   5.841682  0.000e+00
      4.229    27.5741    27.5603   5.839981   5.841697  0.000e+00
      4.223    27.5739    27.5603   5.840025   5.841745  0.000e+00
      4.175    27.5744    27.5611   5.840008   5.841745  0.000e+00
      4.277    27.5746    27.5609   5.839929   5.841745  0.000e+00
      4.175    27.5748    27.5621   5.839907   5.841737  0.000e+00
      4.229    27.5746    27.5625   5.840038   5.841745  0.000e+00
      4.229    27.5754    27.5631   5.840082   5.841792  0.000e+00
      4.229    27.5752    27.5638   5.840016   5.841839  0.000e+00
      4.121    27.5750    27.5646   5.840090   5.841886  0.000e+00
      4.229    27.5750    27.5634   5.840125   5.841925  0.000e+00
      4.128    27.5754    27.5616   5.840029   5.841933  0.000e+00
      4.229    27.5762    27.5607   5.840060   5.841886  0.000e+00
      4.229    27.5771    27.5603   5.840051   5.841650  0.000e+00
      4.128    27.5775    27.5609   5.840007   5.841595  0.000e+00
      4.175    27.5773    27.5616   5.840125   5.841635  0.000e+00
      4.128    27.5767    27.5614   5.840138   5.841595  0.000e+00
      4.128    27.5763    27.5607   5.839994   5.841650  0.000e+00
      4.229    27.5761    27.5607   5.839951   5.841697  0.000e+00
      4.128    27.5762    27.5601   5.840082   5.841595  0.000e+00
      4.080    27.5762    27.5592   5.840095   5.841540  0.000e+00
      4.175    27.5759    27.5583   5.840051   5.841595  0.000e+00
      4.073    27.5762    27.5577   5.840038   5.841501  0.000e+00
      4.128    27.5762    27.5581   5.840007   5.841548  0.000e+00
      4.128    27.5762    27.5599   5.839929   5.841501  0.000e+00
      4.128    27.5765    27.5603   5.839973   5.841635  0.000e+00
      4.080    27.5767    27.5603   5.840060   5.841595  0.000e+00
      4.128    27.5767    27.5607   5.839951   5.841650  0.000e+00
      4.026    27.5767    27.5614   5.839938   5.841650  0.000e+00
      4.073    27.5773    27.5613   5.840082   5.841744  0.000e+00
