data/ctd_bruto.cnv
* Sea-Bird SBE 9 Data File:
* FileName = C:\Meus documentos\Oceano EII\CTD\Bruto\OE033.dat
* Software Version Seasave Win32 V 5.25b
* Temperature SN = 2896
* Conductivity SN = 462
* Number of Bytes Per Scan = 21
* Number of Voltage Words = 1
* Number of Scans Averaged by the Deck Unit = 1
** H40 
** NOc. Antares 
** 184 
** OCEANO E II 
**   033
**   13 30.13 S
**   038 44.66 W
**   19/02/2005  07:49 Z
**   98
** 25491 
** TEN COSTA JUNIOR
# nquan = 6
# nvalues = 8028                    
# units = specified
# name 0 = prDM: Pressure, Digiquartz [db]
# name 1 = t068C: Temperature [ITS-68, deg C]
# name 2 = t168C: Temperature, 2 [ITS-68, deg C]
# name 3 = c0S/m: Conductivity [S/m]
# name 4 = c1S/m: Conductivity, 2 [S/m]
# name 5 = flag:  0.000e+00
# span 0 =      3.829,     98.135       
# span 1 =    18.7120,    27.6006       
# span 2 =    18.6952,    27.5855       
# span 3 =   4.798175,   5.845152       
# span 4 =   4.798669,   5.847057       
# span 5 = 0.0000e+00, 0.0000e+00       
# interval = seconds: 0.0416667                   
# start_time = Feb 19 2005 05:49:44
# bad_flag = -9.990e-29
*END*
[from data line 7881]
      4.175    27.5750    27.5581   5.839842   5.841454  0.000e+00
      4.175    27.5750    27.5579   5.839894   5.841501  0.000e+00
      4.080    27.5750    27.5581   5.839907   5.841501  0.000e+00
      4.128    27.5752    27.5579   5.839907   5.841540  0.000e+00
      4.128    27.5754    27.5585   5.839907   5.841501  0.000e+00
      4.175    27.5754    27.5581   5.839973   5.841548  0.000e+00
      4.229    27.5758    27.5586   5.839929   5.841548  0.000e+00
      4.223    27.5758    27.5585   5.839973   5.841548  0.000e+00
      4.175    27.5762    27.5588   5.840025   5.841635  0.000e+00
      4.128    27.5765    27.5586   5.840038   5.841595  0.000e+00
      4.229    27.5765    27.5590   5.840038   5.841697  0.000e+00
      4.229    27.5765    27.5601   5.840069   5.841745  0.000e+00
      4.277    27.5763    27.5610   5.840051   5.841886  0.000e+00
      4.270    27.5759    27.5622   5.840038   5.841972  0.000e+00
      4.229    27.5762    27.5631   5.839973   5.842074  0.000e+00
      4.175    27.5762    27.5633   5.839981   5.842169  0.000e+00
      4.229    27.5762    27.5636   5.840090   5.842224  0.000e+00
      4.277    27.5759    27.5642   5.840125   5.842271  0.000e+00
      4.331    27.5762    27.5644   5.840060   5.842208  0.000e+00
      4.277    27.5761    27.5644   5.840008   5.842318  0.000e+00
      4.270    27.5762    27.5643   5.840156   5.842318  0.000e+00
      4.229    27.5767    27.5642   5.840212   5.842271  0.000e+00
      4.229    27.5775    27.5645   5.840243   5.842271  0.000e+00
      4.277    27.5778    27.5644   5.840256   5.842255  0.000e+00
      4.331    27.5776    27.5642   5.840191   5.842271  0.000e+00
      4.277    27.5775    27.5643   5.840199   5.842271  0.000e+00
      4.277    27.5775    27.5642   5.840243   5.842318  0.000e+00
      4.223    27.5774    27.5636   5.840321   5.842271  0.000e+00
      4.229    27.5782    27.5638   5.840373   5.842208  0.000e+00
      4.277    27.5780    27.5627   5.840452   5.842224  0.000e+00
      4.331    27.5780    27.5629   5.840313   5.842122  0.000e+00
      4.331    27.5780    27.5633   5.840225   5.842074  0.000e+00
      4.229    27.5775    27.5633   5.840212   5.842161  0.000e+00
      4.175    27.5771    27.5634   5.840212   5.842169  0.000e+00
      4.223    27.5768    27.5635   5.840182   5.842169  0.000e+00
      4.277    27.5771    27.5631   5.840265   5.842169  0.000e+00
      4.277    27.5778    27.5636   5.840299   5.842169  0.000e+00
      4.277    27.5788    27.5633   5.840299   5.842114  0.000e+00
      4.229    27.5784    27.5629   5.840334   5.842121  0.000e+00
      4.175    27.5788    27.5623   5.840378   5.842027  0.000e+00
      4.270    27.5782    27.5616   5.840391   5.842027  0.000e+00
      4.277    27.5781    27.5619   5.840225   5.841980  0.000e+00
      4.229    27.5771    27.5613   5.840073   5.841972  0.000e+00
      4.229    27.5756    27.5607   5.839973   5.841933  0.000e+00
      4.175    27.5733    27.5607   5.839755   5.841933  0.000e+00
      4.229    27.5718    27.5611   5.839524   5.841980  0.000e+00
      4.229    27.5712    27.5610   5.839533   5.841933  0.000e+00
      4.270    27.5709    27.5609   5.839494   5.841972  0.000e+00
      4.229    27.5712    27.5609   5.839602   5.841980  0.000e+00
      4.175    27.5712    27.5607   5.839546   5.841933  0.000e+00
      4.175    27.5712    27.5603   5.839576   5.841980  0.000e+00
      4.229    27.5716    27.5614   5.839668   5.842019  0.000e+00
      4.229    27.5718    27.5623   5.839659   5.842074  0.000e+00
      4.277    27.5729    27.5631   5.839738   5.842169  0.000e+00
      4.175    27.5745    27.5631   5.839872   5.842169  0.000e+00
      4.175    27.5756    27.5629   5.839877   5.842074  0.000e+00
      4.229    27.5759    27.5638   5.839894   5.842161  0.000e+00
      4.229    27.5755    27.5636   5.839938   5.842169  0.000e+00
      4.277    27.5752    27.5638   5.839981   5.842169  0.000e+00
      4.229    27.5750    27.5633   5.839964   5.842224  0.000e+00
      4.229    27.5750    27.5631   5.839951   5.842074  0.000e+00
      4.175    27.5754    27.5627   5.839886   5.842114  0.000e+00
      4.229    27.5758    27.5629   5.839929   5.842074  0.000e+00
      4.277    27.5762    27.5625   5.840177   5.842074  0.000e+00
      4.277    27.5759    27.5625   5.840160   5.842074  0.000e+00
      4.277    27.5765    27.5627   5.840125   5.842027  0.000e+00
      4.175    27.5776    27.5629   5.840190   5.842161  0.000e+00
      4.223    27.5782    27.5627   5.840278   5.842224  0.000e+00
      4.229    27.5775    27.5627   5.840234   5.842169  0.000e+00
      4.277    27.5762    27.5631   5.840182   5.842224  0.000e+00
      4.277    27.5752    27.5627   5.840103   5.842169  0.000e+00
      4.277    27.5750    27.5627   5.840051   5.842161  0.000e+00
      4.229    27.5750    27.5625   5.840038   5.842169  0.000e+00
      4.229    27.5748    27.5627   5.839973   5.842224  0.000e+00
      4.223    27.5746    27.5622   5.839920   5.842121  0.000e+00
      4.331    27.5750    27.5620   5.840003   5.842114  0.000e+00
      4.331    27.5750    27.5621   5.840069   5.842074  0.000e+00
      4.277    27.5756    27.5618   5.840016   5.842074  0.000e+00
      4.229    27.5756    27.5619   5.839964   5.842074  0.000e+00
      4.229    27.5752    27.5618   5.839981   5.842027  0.000e+00
      4.277    27.5750    27.5620   5.840060   5.842067  0.000e+00
      4.270    27.5748    27.5618   5.840016   5.842074  0.000e+00
      4.277    27.5748    27.5620   5.840025   5.842027  0.000e+00
      4.277    27.5750    27.5622   5.840008   5.842074  0.000e+00
      4.229    27.5748    27.5627   5.839929   5.842027  0.000e+00
      4.229    27.5746    27.5623   5.839973   5.842114  0.000e+00
      4.229    27.5746    27.5629   5.839994   5.842074  0.000e+00
      4.331    27.5746    27.5627   5.839899   5.842122  0.000e+00
      4.270    27.5744    27.5629   5.839864   5.842224  0.000e+00
      4.229    27.5745    27.5632   5.839960   5.842121  0.000e+00
      4.175    27.5745    27.5631   5.839994   5.842208  0.000e+00
      4.229    27.5746    27.5638   5.839929   5.842224  0.000e+00
      4.277    27.5752    27.5632   5.839973   5.842169  0.000e+00
      4.229    27.5756    27.5633   5.839964   5.842271  0.000e+00
      4.223    27.5758    27.5631   5.839981   5.842208  0.000e+00
      4.229    27.5754    27.5625   5.839994   5.842169  0.000e+00
      4.128    27.5752    27.5618   5.839994   5.842074  0.000e+00
      4.229    27.5752    27.5616   5.839964   5.842074  0.000e+00
      4.229    27.5756    27.5614   5.840016   5.842074  0.000e+00
      4.229    27.5756    27.5620   5.839973   5.842114  0.000e+00
      4.175    27.5754    27.5618   5.839886   5.842027  0.000e+00
      4.121    27.5746    27.5618   5.839894   5.842074  0.000e+00
      4.128    27.5743    27.5613   5.839973   5.842027  0.000e+00
      4.175    27.5743    27.5612   5.839929   5.841980  0.000e+00
      4.175    27.5743    27.5609   5.839907   5.842019  0.000e+00
      4.175    27.5741    27.5605   5.839938   5.842027  0.000e+00
      4.128    27.5739    27.5601   5.839855   5.841933  0.000e+00
      4.080    27.5737    27.5609   5.839820   5.841886  0.000e+00
      4.121    27.5733    27.5603   5.839785   5.841933  0.000e+00
      4.128    27.5737    27.5603   5.839772   5.841878  0.000e+00
      4.175    27.5739    27.5603   5.839907   5.841839  0.000e+00
      4.080    27.5740    27.5605   5.839981   5.841886  0.000e+00
      4.080    27.5745    27.5609   5.839964   5.841933  0.000e+00
      4.080    27.5746    27.5607   5.839981   5.841980  0.000e+00
      4.128    27.5746    27.5610   5.839994   5.841972  0.000e+00
      4.121    27.5748    27.5611   5.839994   5.842027  0.000e+00
      4.080    27.5750    27.5616   5.840060   5.841980  0.000e+00
      4.080    27.5748    27.5614   5.840112   5.842027  0.000e+00
      4.026    27.5752    27.5618   5.840095   5.842019  0.000e+00
      4.026    27.5755    27.5614   5.840016   5.842027  0.000e+00
      4.128    27.5754    27.5616   5.839929   5.841980  0.000e+00
      4.080    27.5754    27.5614   5.839973   5.841980  0.000e+00
      4.019    27.5752    27.5616   5.840025   5.841980  0.000e+00
      4.026    27.5750    27.5618   5.840038   5.841925  0.000e+00
      4.026    27.5754    27.5620   5.839942   5.841933  0.000e+00
      4.080    27.5756    27.5621   5.839938   5.842027  0.000e+00
      4.128    27.5754    27.5609   5.839981   5.841933  0.000e+00
      4.026    27.5754    27.5605   5.839899   5.841933  0.000e+00
      4.026    27.5752    27.5603   5.839929   5.841831  0.000e+00
      3.971    27.5752    27.5599   5.839951   5.841744  0.000e+00
      4.026    27.5758    27.5588   5.839951   5.841697  0.000e+00
      4.080    27.5756    27.5583   5.839981   5.841650  0.000e+00
      4.080    27.5750    27.5579   5.839964   5.841595  0.000e+00
      4.026    27.5750    27.5570   5.840047   5.841540  0.000e+00
      4.026    27.5754    27.5575   5.840051   5.841548  0.000e+00
      3.978    27.5752    27.5574   5.840007   5.841501  0.000e+00
      4.073    27.5756    27.5568   5.840060   5.841501  0.000e+00
      4.128    27.5754    27.5566   5.839986   5.841501  0.000e+00
      4.026    27.5754    27.5559   5.840016   5.841446  0.000e+00
      4.026    27.5750    27.5555   5.840068   5.841407  0.000e+00
      3.978    27.5746    27.5551   5.840016   5.841265  0.000e+00
      4.026    27.5754    27.5553   5.839994   5.841313  0.000e+00
      4.080    27.5754    27.5553   5.840025   5.841265  0.000e+00
      4.121    27.5758    27.5551   5.839973   5.841258  0.000e+00
      4.026    27.5758    27.5564   5.839981   5.841218  0.000e+00
      4.026    27.5756    27.5563   5.839929   5.841218  0.000e+00
      4.026    27.5754    27.5555   5.839877   5.841265  0.000e+00
